{
 "cells": [
  {
   "cell_type": "markdown",
   "metadata": {},
   "source": [
    "# Exercise 3: Numpy"
   ]
  },
  {
   "cell_type": "markdown",
   "metadata": {},
   "source": [
    "Perform the follwing tasks:\n"
   ]
  },
  {
   "cell_type": "code",
   "execution_count": 2,
   "metadata": {},
   "outputs": [],
   "source": [
    "#3.1: import the numpy library\n",
    "import numpy as np\n",
    "import numpy.linalg as npla"
   ]
  },
  {
   "cell_type": "code",
   "execution_count": 30,
   "metadata": {},
   "outputs": [
    {
     "data": {
      "text/plain": [
       "array([[0.36269156, 0.29968411, 0.61858834, 0.22791048, 0.71229163,\n",
       "        0.01116571, 0.1825496 , 0.82650928, 0.15059222, 0.47312146],\n",
       "       [0.09051248, 0.44595976, 0.68748518, 0.6531811 , 0.46856179,\n",
       "        0.0357586 , 0.12668636, 0.59906852, 0.480236  , 0.84123818],\n",
       "       [0.57206183, 0.26600232, 0.37824072, 0.13345255, 0.32076487,\n",
       "        0.62664444, 0.36969496, 0.8259235 , 0.36202127, 0.46519025],\n",
       "       [0.71274443, 0.64448179, 0.2927055 , 0.12929771, 0.97117038,\n",
       "        0.13853132, 0.01045711, 0.48906466, 0.54967705, 0.52831529],\n",
       "       [0.17161971, 0.72533763, 0.44641621, 0.45164932, 0.24269135,\n",
       "        0.82799603, 0.33729734, 0.88364659, 0.57842246, 0.22306571],\n",
       "       [0.26259081, 0.64826312, 0.70834007, 0.17768521, 0.38185124,\n",
       "        0.04940465, 0.71980857, 0.11936053, 0.03803513, 0.41575611],\n",
       "       [0.89204359, 0.95623626, 0.16042985, 0.1219822 , 0.7524815 ,\n",
       "        0.82021542, 0.57159949, 0.60179852, 0.90444736, 0.56243972],\n",
       "       [0.5160449 , 0.43758313, 0.32941497, 0.37470549, 0.06945693,\n",
       "        0.5454355 , 0.28834421, 0.93309744, 0.78433077, 0.36368622],\n",
       "       [0.25665145, 0.0394069 , 0.18192975, 0.45517693, 0.25299976,\n",
       "        0.89596352, 0.56580261, 0.82239643, 0.34676023, 0.67849624],\n",
       "       [0.88229193, 0.71327314, 0.45149512, 0.17087789, 0.15341303,\n",
       "        0.60890121, 0.19459345, 0.16533923, 0.44421122, 0.6725638 ]])"
      ]
     },
     "execution_count": 30,
     "metadata": {},
     "output_type": "execute_result"
    }
   ],
   "source": [
    "#3.2: create a random 10x10 array named A\n",
    "A=np.random.rand(10,10)\n",
    "A"
   ]
  },
  {
   "cell_type": "code",
   "execution_count": 31,
   "metadata": {},
   "outputs": [
    {
     "data": {
      "text/plain": [
       "array([[0.36269156, 0.29968411, 0.61858834, 0.22791048, 0.71229163,\n",
       "        0.01116571, 0.1825496 , 0.82650928, 0.15059222, 0.47312146],\n",
       "       [0.57206183, 0.26600232, 0.37824072, 0.13345255, 0.32076487,\n",
       "        0.62664444, 0.36969496, 0.8259235 , 0.36202127, 0.46519025],\n",
       "       [0.17161971, 0.72533763, 0.44641621, 0.45164932, 0.24269135,\n",
       "        0.82799603, 0.33729734, 0.88364659, 0.57842246, 0.22306571],\n",
       "       [0.89204359, 0.95623626, 0.16042985, 0.1219822 , 0.7524815 ,\n",
       "        0.82021542, 0.57159949, 0.60179852, 0.90444736, 0.56243972],\n",
       "       [0.25665145, 0.0394069 , 0.18192975, 0.45517693, 0.25299976,\n",
       "        0.89596352, 0.56580261, 0.82239643, 0.34676023, 0.67849624]])"
      ]
     },
     "execution_count": 31,
     "metadata": {},
     "output_type": "execute_result"
    }
   ],
   "source": [
    "#3.3: return only the odd rows of A\n",
    "A[::2]"
   ]
  },
  {
   "cell_type": "code",
   "execution_count": 32,
   "metadata": {},
   "outputs": [
    {
     "data": {
      "text/plain": [
       "array([[2.12639837, 2.06335409, 1.81179444, 2.09434299, 1.82537153,\n",
       "        1.47320623, 2.28633347, 1.77706986, 1.66762369, 1.52534106],\n",
       "       [2.06335409, 2.64042369, 1.79712625, 2.10033946, 2.12176883,\n",
       "        1.62729931, 2.41949378, 2.04324949, 1.91543043, 1.81643134],\n",
       "       [1.81179444, 1.79712625, 2.2207463 , 1.95802084, 2.28464192,\n",
       "        1.33960438, 2.89440579, 2.28067895, 2.2590399 , 2.00099165],\n",
       "       [2.09434299, 2.10033946, 1.95802084, 2.80867413, 2.00073367,\n",
       "        1.51940943, 3.25381506, 2.02033688, 1.64744175, 2.15852642],\n",
       "       [1.82537153, 2.12176883, 2.28464192, 2.00073367, 2.9822507 ,\n",
       "        1.50832348, 3.20834381, 2.64731224, 2.43215625, 2.10761893],\n",
       "       [1.47320623, 1.62729931, 1.33960438, 1.51940943, 1.50832348,\n",
       "        1.87743902, 2.06881866, 1.27252891, 1.24426901, 1.58923165],\n",
       "       [2.28633347, 2.41949378, 2.89440579, 3.25381506, 3.20834381,\n",
       "        2.06881866, 4.81297959, 3.11725399, 2.79016683, 3.16802117],\n",
       "       [1.77706986, 2.04324949, 2.28067895, 2.02033688, 2.64731224,\n",
       "        1.27252891, 3.11725399, 2.71027955, 2.33569441, 2.12634684],\n",
       "       [1.66762369, 1.91543043, 2.2590399 , 1.64744175, 2.43215625,\n",
       "        1.24426901, 2.79016683, 2.33569441, 2.75153513, 1.85527886],\n",
       "       [1.52534106, 1.81643134, 2.00099165, 2.15852642, 2.10761893,\n",
       "        1.58923165, 3.16802117, 2.12634684, 1.85527886, 2.62941031]])"
      ]
     },
     "execution_count": 32,
     "metadata": {},
     "output_type": "execute_result"
    }
   ],
   "source": [
    "#3.4: perform a matrix multiplication of A with it's transposed\n",
    "A.dot(A.T)"
   ]
  },
  {
   "cell_type": "code",
   "execution_count": 33,
   "metadata": {},
   "outputs": [
    {
     "data": {
      "text/plain": [
       "array([[ -0.20268998,  -2.45450361,  -2.25241152,   2.8818266 ,\n",
       "         -0.38709103,   1.2149029 ,  -2.52695066,   2.39334612,\n",
       "          1.71819254,   0.96985985],\n",
       "       [ 11.15704973,  -0.02725043,  -8.54289863,  -9.82141322,\n",
       "         -0.26588624,  -4.07398549,   7.56272389,  -1.29188733,\n",
       "         -0.65873079,   3.45464088],\n",
       "       [-11.543818  ,   1.04200705,  10.58972351,   9.02154577,\n",
       "          1.39178909,   4.25850337,  -7.40257377,   0.07505086,\n",
       "         -1.28825049,  -3.23847974],\n",
       "       [ -1.02317853,  -3.02946061,  -5.30951493,   5.04492619,\n",
       "          0.74662078,   2.11216528,  -4.43902456,   3.32760272,\n",
       "          3.77688093,   0.7678059 ],\n",
       "       [ -5.4362436 ,  -0.31819762,   3.59870619,   5.97309723,\n",
       "          0.83447916,   2.18391457,  -3.73556926,  -0.16126956,\n",
       "          0.63758615,  -2.01782097],\n",
       "       [ -5.44630477,   0.15123642,   4.74146648,   4.15666057,\n",
       "          1.4191187 ,   1.33439736,  -3.17897003,  -1.01904242,\n",
       "          0.11593764,  -1.10560006],\n",
       "       [ -0.16849711,  -0.57517396,  -0.65487841,  -0.02927995,\n",
       "         -0.69400115,   1.24544253,   0.23123369,   0.94548385,\n",
       "          0.71803338,  -0.65480763],\n",
       "       [  8.69171297,  -0.06984867,  -5.21147421,  -7.43915255,\n",
       "         -0.70022739,  -3.35063106,   5.36140049,  -0.38882692,\n",
       "         -0.43382003,   1.88919194],\n",
       "       [-10.10075892,   1.82064078,   8.57754937,   6.74041628,\n",
       "          0.22378584,   2.83851796,  -4.29773941,   0.73703983,\n",
       "         -1.41705077,  -3.6032007 ],\n",
       "       [  7.19701807,   2.23575047,  -3.0533099 ,  -8.44283623,\n",
       "         -1.58423375,  -3.78621817,   6.57543389,  -2.37081038,\n",
       "         -1.06573524,   2.09580389]])"
      ]
     },
     "execution_count": 33,
     "metadata": {},
     "output_type": "execute_result"
    }
   ],
   "source": [
    "#3.5: compute the matrix inverse of A\n",
    "npla.inv(A)"
   ]
  },
  {
   "cell_type": "code",
   "execution_count": 37,
   "metadata": {},
   "outputs": [
    {
     "name": "stdout",
     "output_type": "stream",
     "text": [
      "[[0.36269156 0.29968411 0.61858834 0.22791048 0.71229163 0.01116571\n",
      "  0.1825496  0.82650928 0.15059222 0.47312146]\n",
      " [0.09051248 0.44595976 0.68748518 0.6531811  0.46856179 0.0357586\n",
      "  0.12668636 0.59906852 0.480236   0.84123818]\n",
      " [0.57206183 0.26600232 0.37824072 0.13345255 0.32076487 0.62664444\n",
      "  0.36969496 0.8259235  0.36202127 0.46519025]\n",
      " [0.71274443 0.64448179 0.2927055  0.12929771 0.97117038 0.13853132\n",
      "  0.01045711 0.48906466 0.54967705 0.52831529]\n",
      " [0.17161971 0.72533763 0.44641621 0.45164932 0.24269135 0.82799603\n",
      "  0.33729734 0.88364659 0.57842246 0.22306571]\n",
      " [0.26259081 0.64826312 0.70834007 0.17768521 0.38185124 0.04940465\n",
      "  0.71980857 0.11936053 0.03803513 0.41575611]\n",
      " [0.89204359 0.95623626 0.16042985 0.1219822  0.7524815  0.82021542\n",
      "  0.57159949 0.60179852 0.90444736 0.56243972]\n",
      " [0.5160449  0.43758313 0.32941497 0.37470549 0.06945693 0.5454355\n",
      "  0.28834421 0.93309744 0.78433077 0.36368622]\n",
      " [0.25665145 0.0394069  0.18192975 0.45517693 0.25299976 0.89596352\n",
      "  0.56580261 0.82239643 0.34676023 0.67849624]\n",
      " [0.88229193 0.71327314 0.45149512 0.17087789 0.15341303 0.60890121\n",
      "  0.19459345 0.16533923 0.44421122 0.6725638 ]]\n",
      "------------\n",
      "[[0.36269156 0.29968411 0.30929417 0.22791048 0.35614581 0.01116571\n",
      "  0.1825496  0.41325464 0.15059222 0.47312146]\n",
      " [0.09051248 0.44595976 0.34374259 0.32659055 0.46856179 0.0357586\n",
      "  0.12668636 0.29953426 0.480236   0.42061909]\n",
      " [0.28603092 0.26600232 0.37824072 0.13345255 0.32076487 0.31332222\n",
      "  0.36969496 0.41296175 0.36202127 0.46519025]\n",
      " [0.35637221 0.32224089 0.2927055  0.12929771 0.48558519 0.13853132\n",
      "  0.01045711 0.48906466 0.27483852 0.26415764]\n",
      " [0.17161971 0.36266881 0.44641621 0.45164932 0.24269135 0.41399802\n",
      "  0.33729734 0.44182329 0.28921123 0.22306571]\n",
      " [0.26259081 0.32413156 0.35417004 0.17768521 0.38185124 0.04940465\n",
      "  0.35990428 0.11936053 0.03803513 0.41575611]\n",
      " [0.44602179 0.47811813 0.16042985 0.1219822  0.37624075 0.41010771\n",
      "  0.28579975 0.30089926 0.45222368 0.28121986]\n",
      " [0.25802245 0.43758313 0.32941497 0.37470549 0.06945693 0.27271775\n",
      "  0.28834421 0.46654872 0.39216538 0.36368622]\n",
      " [0.25665145 0.0394069  0.18192975 0.45517693 0.25299976 0.44798176\n",
      "  0.2829013  0.41119822 0.34676023 0.33924812]\n",
      " [0.44114597 0.35663657 0.45149512 0.17087789 0.15341303 0.30445061\n",
      "  0.19459345 0.16533923 0.44421122 0.3362819 ]]\n",
      "------------\n",
      "[[0.36269156 0.29968411 0.30929417 0.22791048 0.35614581 0.01116571\n",
      "  0.1825496  0.41325464 0.15059222 0.47312146]\n",
      " [0.09051248 0.44595976 0.34374259 0.32659055 0.46856179 0.0357586\n",
      "  0.12668636 0.29953426 0.480236   0.42061909]\n",
      " [0.28603092 0.26600232 0.37824072 0.13345255 0.32076487 0.31332222\n",
      "  0.36969496 0.41296175 0.36202127 0.46519025]\n",
      " [0.35637221 0.32224089 0.2927055  0.12929771 0.48558519 0.13853132\n",
      "  0.01045711 0.48906466 0.27483852 0.26415764]\n",
      " [0.17161971 0.36266881 0.44641621 0.45164932 0.24269135 0.41399802\n",
      "  0.33729734 0.44182329 0.28921123 0.22306571]\n",
      " [0.26259081 0.32413156 0.35417004 0.17768521 0.38185124 0.04940465\n",
      "  0.35990428 0.11936053 0.03803513 0.41575611]\n",
      " [0.44602179 0.47811813 0.16042985 0.1219822  0.37624075 0.41010771\n",
      "  0.28579975 0.30089926 0.45222368 0.28121986]\n",
      " [0.25802245 0.43758313 0.32941497 0.37470549 0.06945693 0.27271775\n",
      "  0.28834421 0.46654872 0.39216538 0.36368622]\n",
      " [0.25665145 0.0394069  0.18192975 0.45517693 0.25299976 0.44798176\n",
      "  0.2829013  0.41119822 0.34676023 0.33924812]\n",
      " [0.44114597 0.35663657 0.45149512 0.17087789 0.15341303 0.30445061\n",
      "  0.19459345 0.16533923 0.44421122 0.3362819 ]]\n"
     ]
    }
   ],
   "source": [
    "#3.6: divide all entries of A which are lager than 0.5 by 2 (hint: use where() )\n",
    "print(A)\n",
    "print('------------')\n",
    "print(np.where(A<0.5,A,A/2))\n",
    "print('------------')\n",
    "A[A>0.5]/=2\n",
    "print(A)"
   ]
  },
  {
   "cell_type": "code",
   "execution_count": null,
   "metadata": {},
   "outputs": [],
   "source": []
  }
 ],
 "metadata": {
  "kernelspec": {
   "display_name": "Python 3",
   "language": "python",
   "name": "python3"
  },
  "language_info": {
   "codemirror_mode": {
    "name": "ipython",
    "version": 3
   },
   "file_extension": ".py",
   "mimetype": "text/x-python",
   "name": "python",
   "nbconvert_exporter": "python",
   "pygments_lexer": "ipython3",
   "version": "3.7.6"
  }
 },
 "nbformat": 4,
 "nbformat_minor": 4
}
